mitsubishi 23 gradi ventola 2 solo riscladamento
Raw: (583) 3468, -1660, 484, -1228, 468, -1244, 480, -380, 464, -396, 484, -384, 464, -1248, 460, -400, 464, -396, 468, -1240, 468, -1244, 460, -404, 484, -1232, 484, -376, 468, -396, 464, -1240, 484, -1236, 464, -392, 468, -1248, 468, -1244, 480, -380, 456, -408, 480, -1232, 464, -396, 484, -380, 468, -1240, 468, -396, 456, -404, 456, -408, 480, -380, 452, -404, 468, -396, 464, -400, 492, -380, 456, -404, 488, -380, 468, -392, 464, -392, 484, -376, 468, -396, 464, -396, 456, -408, 448, -408, 464, -392, 456, -408, 480, -380, 468, -1244, 468, -392, 488, -380, 464, -392, 492, -380, 484, -380, 480, -1244, 468, -392, 464, -400, 480, -384, 480, -384, 468, -1244, 480, -1240, 464, -1244, 468, -392, 468, -392, 480, -380, 484, -380, 464, -396, 468, -392, 456, -408, 464, -396, 464, -392, 464, -1248, 464, -1244, 452, -420, 464, -396, 464, -400, 464, -1248, 488, -376, 464, -396, 456, -404, 464, -396, 452, -1260, 484, -384, 448, -412, 460, -1248, 468, -396, 464, -1244, 464, -396, 480, -1228, 456, -408, 452, -408, 456, -408, 456, -404, 484, -380, 464, -396, 464, -396, 464, -396, 456, -408, 480, -380, 464, -400, 488, -372, 484, -380, 488, -380, 464, -400, 464, -392, 464, -396, 464, -392, 480, -384, 464, -396, 468, -388, 488, -376, 464, -400, 464, -396, 480, -380, 472, -396, 464, -392, 488, -380, 464, -396, 456, -404, 464, -396, 464, -396, 464, -396, 464, -396, 456, -400, 484, -380, 464, -396, 484, -380, 464, -396, 464, -392, 488, -380, 484, -380, 464, -400, 480, -384, 464, -400, 448, -408, 464, -396, 408, -456, 464, -396, 484, -380, 464, -392, 484, -380, 408, -452, 492, -380, 480, -380, 480, -1232, 452, -1264, 464, -1244, 464, -16892, 3576, -1688, 452, -1260, 464, -1248, 464, -396, 464, -396, 464, -396, 480, -1232, 480, -380, 464, -396, 480, -1232, 464, -1256, 480, -384, 480, -1228, 484, -380, 456, -408, 448, -1264, 480, -1236, 488, -388, 452, -1260, 452, -1264, 464, -392, 464, -396, 464, -1248, 464, -392, 464, -400, 488, -1228, 456, -412, 464, -392, 464, -400, 480, -384, 456, -404, 484, -384, 456, -400, 488, -376, 464, -396, 408, -456, 464, -396, 464, -396, 464, -396, 452, -408, 456, -404, 464, -396, 484, -376, 456, -408, 484, -384, 464, -396, 464, -1244, 460, -408, 464, -396, 480, -380, 452, -416, 464, -392, 464, -1252, 464, -400, 464, -392, 484, -376, 464, -396, 480, -1236, 464, -1252, 464, -1244, 484, -380, 480, -384, 464, -396, 464, -396, 460, -396, 484, -384, 464, -396, 484, -384, 464, -404, 484, -1228, 456, -1264, 464, -400, 464, -392, 488, -380, 408, -1304, 456, -412, 464, -404, 480, -380, 464, -396, 464, -1248, 468, -388, 464, -396, 464, -1244, 460, -404, 484, -1228, 408, -460, 452, -1260, 484, -384, 464, -400, 464, -400, 480, -380, 464, -396, 480, -384, 464, -396, 464, -396, 464, -392, 464, -400, 464, -392, 408, -456, 452, -408, 464, -392, 464, -404, 480, -384, 464, -396, 480, -384, 448, -412, 408, -448, 408, -456, 484, -380, 480, -380, 484, -380, 464, -392, 464, -400, 408, -456, 456, -404, 408, -456, 464, -392, 484, -376, 408, -452, 464, -400, 408, -452, 404, -452, 464, -396, 408, -452, 408, -456, 464, -396, 480, -380, 484, -376, 408, -456, 456, -408, 464, -396, 464, -400, 452, -404, 488, -380, 464, -392, 464, -396, 464, -396, 408, -452, 464, -396, 408, -456, 464, -396, 456, -412, 464, -1244, 464, -1252, 464, -1244, 464, 



11000100110100110110010010000000
0xc4d36480
00000000000001000001000011100000
0x410e0
00001100010000100101010000000000
0xc425400
00000000000000000000000000000000
0x0
0000000000000111
0x70000




mitsubishi 23 gradi ventola 4 solo riscladamento
Raw: (583) 3472, -1652, 468, -1244, 484, -1232, 468, -396, 464, -392, 472, -392, 488, -1224, 484, -380, 460, -396, 484, -1232, 468, -1248, 488, -376, 480, -1232, 488, -372, 472, -392, 464, -1252, 480, -1232, 468, -408, 464, -1252, 464, -1248, 464, -396, 464, -396, 460, -1248, 468, -392, 468, -392, 472, -1244, 464, -396, 488, -380, 460, -396, 464, -396, 468, -396, 464, -396, 484, -380, 460, -400, 488, -376, 480, -384, 484, -384, 464, -396, 468, -388, 464, -396, 464, -396, 480, -384, 464, -392, 464, -392, 484, -384, 464, -396, 464, -1248, 464, -392, 468, -396, 484, -384, 464, -392, 488, -376, 468, -1252, 484, -384, 464, -388, 468, -392, 468, -392, 468, -1240, 468, -1248, 460, -1248, 468, -396, 464, -400, 460, -396, 464, -396, 468, -396, 464, -396, 468, -388, 492, -376, 468, -392, 468, -1240, 492, -1228, 468, -392, 480, -380, 484, -376, 484, -380, 464, -1244, 480, -384, 464, -400, 480, -380, 468, -1248, 464, -396, 464, -400, 480, -1228, 484, -384, 464, -1244, 484, -380, 464, -1240, 488, -380, 496, -372, 468, -396, 468, -404, 488, -380, 468, -396, 464, -396, 480, -380, 468, -396, 464, -396, 468, -396, 464, -392, 468, -392, 464, -396, 484, -380, 464, -400, 464, -392, 484, -380, 464, -396, 464, -392, 468, -392, 488, -376, 488, -380, 464, -396, 464, -396, 464, -392, 484, -384, 464, -396, 484, -384, 464, -404, 484, -380, 468, -388, 468, -392, 464, -396, 468, -396, 464, -392, 464, -400, 464, -396, 484, -384, 464, -388, 488, -376, 464, -396, 488, -380, 480, -384, 480, -384, 464, -392, 484, -380, 464, -392, 464, -396, 484, -376, 468, -392, 464, -1248, 468, -388, 468, -396, 464, -392, 484, -1228, 484, -1232, 468, -1240, 484, -16876, 3608, -1656, 488, -1232, 460, -1252, 468, -392, 464, -400, 464, -392, 464, -1252, 468, -396, 464, -392, 484, -1232, 484, -1232, 480, -380, 464, -1248, 488, -376, 464, -396, 480, -1232, 464, -1252, 464, -396, 464, -1244, 464, -1244, 464, -396, 484, -384, 480, -1232, 484, -380, 464, -396, 468, -1244, 484, -384, 464, -392, 484, -380, 484, -380, 468, -388, 484, -380, 464, -400, 484, -380, 468, -392, 468, -396, 464, -392, 484, -380, 464, -396, 464, -396, 468, -388, 484, -384, 464, -396, 464, -396, 480, -380, 484, -392, 480, -1232, 484, -384, 464, -396, 468, -396, 484, -380, 468, -392, 480, -1236, 484, -380, 484, -380, 464, -396, 480, -384, 464, -1248, 492, -1232, 464, -1244, 468, -392, 484, -380, 464, -396, 460, -400, 464, -392, 468, -396, 464, -396, 464, -392, 464, -396, 468, -1248, 464, -1244, 484, -380, 464, -396, 468, -392, 456, -408, 464, -1248, 468, -392, 468, -396, 468, -392, 464, -1244, 488, -376, 468, -396, 464, -1248, 468, -392, 488, -1228, 468, -392, 488, -1228, 456, -408, 464, -392, 488, -376, 464, -396, 464, -396, 468, -396, 464, -392, 464, -396, 468, -396, 464, -392, 456, -408, 480, -384, 464, -396, 480, -384, 468, -396, 492, -380, 464, -396, 480, -392, 464, -392, 464, -396, 464, -400, 468, -396, 464, -392, 464, -396, 464, -396, 464, -396, 464, -392, 456, -412, 464, -396, 456, -408, 468, -404, 480, -384, 464, -392, 456, -408, 464, -396, 496, -380, 484, -380, 468, -396, 464, -396, 452, -412, 464, -396, 464, -400, 464, -396, 464, -396, 460, -396, 464, -396, 460, -404, 464, -400, 464, -392, 484, -380, 464, -396, 464, -1244, 456, -412, 488, -376, 464, -400, 464, -1244, 464, -1252, 464, -1248, 464, 


mitsubishi 26 gradi ventola 3 solo raffrescamento
Raw: (583) 3468, -1656, 464, -1252, 480, -1232, 468, -396, 464, -396, 464, -396, 484, -1228, 484, -380, 464, -396, 480, -1232, 468, -1248, 484, -376, 488, -1228, 484, -380, 464, -396, 468, -1244, 484, -1236, 492, -384, 464, -1244, 468, -1248, 468, -388, 468, -392, 468, -1248, 464, -392, 464, -400, 464, -1248, 468, -392, 488, -376, 468, -392, 468, -396, 464, -396, 464, -392, 488, -376, 468, -396, 484, -380, 456, -408, 488, -380, 464, -400, 464, -388, 468, -396, 464, -392, 480, -384, 464, -392, 468, -392, 488, -376, 464, -400, 464, -1244, 464, -396, 464, -396, 484, -384, 464, -396, 484, -384, 464, -1248, 484, -1236, 480, -376, 472, -396, 464, -396, 464, -396, 484, -1232, 488, -380, 464, -1252, 488, -380, 464, -396, 464, -388, 464, -400, 464, -396, 468, -1244, 464, -1252, 464, -400, 464, -1240, 468, -1248, 480, -380, 472, -388, 468, -1248, 464, -1248, 464, -400, 464, -404, 484, -380, 464, -396, 464, -1244, 468, -392, 464, -1244, 488, -1232, 464, -396, 480, -1232, 464, -392, 484, -1228, 488, -372, 468, -392, 456, -408, 464, -396, 464, -400, 480, -376, 488, -376, 468, -392, 468, -392, 464, -392, 468, -396, 464, -396, 464, -400, 464, -396, 460, -408, 464, -388, 488, -376, 464, -396, 484, -384, 480, -384, 480, -384, 464, -388, 488, -376, 468, -392, 464, -396, 484, -380, 464, -388, 464, -400, 464, -396, 464, -396, 460, -404, 464, -392, 484, -384, 480, -380, 464, -396, 464, -396, 468, -396, 464, -392, 468, -392, 468, -392, 468, -396, 464, -400, 464, -392, 484, -384, 464, -392, 484, -380, 464, -400, 464, -388, 468, -396, 464, -396, 468, -1244, 484, -1236, 464, -396, 492, -1232, 464, -1252, 464, -1244, 484, -1232, 484, -1244, 464, -16896, 3588, -1672, 472, -1244, 488, -1232, 468, -400, 464, -396, 464, -400, 464, -1248, 464, -392, 464, -396, 468, -1248, 464, -1248, 464, -396, 456, -1260, 468, -392, 464, -396, 468, -1248, 480, -1232, 468, -396, 464, -1248, 464, -1248, 484, -380, 468, -388, 484, -1232, 484, -384, 464, -396, 464, -1244, 468, -396, 464, -392, 456, -412, 464, -392, 496, -376, 468, -392, 456, -416, 464, -396, 464, -396, 468, -396, 468, -396, 464, -392, 464, -396, 464, -396, 464, -396, 464, -396, 480, -380, 472, -388, 456, -412, 464, -408, 480, -1232, 456, -404, 464, -400, 488, -380, 464, -396, 464, -396, 464, -1244, 480, -1236, 480, -384, 460, -396, 464, -400, 484, -380, 468, -1244, 464, -396, 488, -1236, 464, -396, 452, -412, 464, -396, 464, -396, 468, -396, 480, -1228, 488, -1232, 464, -396, 484, -1232, 464, -1248, 464, -392, 456, -404, 464, -1252, 464, -1248, 464, -396, 464, -408, 464, -396, 464, -392, 484, -1232, 464, -400, 464, -1248, 464, -1252, 468, -388, 484, -1232, 484, -384, 480, -1232, 464, -396, 464, -396, 468, -396, 464, -396, 464, -396, 468, -392, 484, -380, 460, -404, 464, -396, 464, -396, 464, -396, 464, -396, 464, -396, 464, -400, 464, -396, 464, -388, 464, -408, 464, -396, 464, -400, 464, -396, 464, -392, 464, -400, 456, -408, 456, -408, 484, -380, 468, -396, 464, -400, 484, -384, 464, -396, 480, -376, 468, -396, 464, -396, 464, -396, 464, -392, 464, -396, 464, -396, 464, -400, 464, -396, 464, -396, 488, -380, 464, -396, 456, -404, 464, -400, 488, -384, 488, -380, 464, -392, 464, -396, 456, -412, 464, -396, 468, -396, 464, -1244, 468, -1248, 464, -392, 464, -1252, 480, -1232, 464, -1248, 480, -1232, 464, -1248, 456, 


mitsubishi power OFF
Raw: (583) 3472, -1656, 464, -1244, 460, -1260, 468, -396, 464, -392, 464, -396, 484, -1232, 484, -376, 464, -396, 456, -1260, 468, -1244, 484, -384, 456, -1252, 488, -376, 464, -396, 468, -1244, 460, -1260, 492, -384, 464, -1248, 464, -1252, 464, -392, 464, -396, 464, -1252, 464, -392, 464, -400, 464, -1248, 468, -388, 488, -380, 464, -396, 464, -396, 468, -396, 464, -392, 488, -376, 464, -400, 484, -380, 480, -384, 488, -376, 464, -400, 464, -392, 464, -396, 468, -388, 484, -380, 464, -396, 468, -392, 484, -380, 464, -396, 464, -396, 456, -408, 468, -400, 464, -392, 484, -380, 464, -396, 464, -1252, 492, -380, 452, -416, 464, -392, 456, -408, 464, -1252, 452, -1260, 464, -1252, 464, -392, 464, -400, 464, -396, 464, -396, 480, -376, 456, -412, 464, -396, 464, -396, 464, -396, 468, -1244, 464, -1244, 488, -376, 464, -396, 468, -1244, 464, -1252, 464, -396, 492, -376, 464, -400, 464, -396, 464, -1244, 468, -396, 464, -1248, 460, -1256, 468, -392, 456, -1256, 464, -392, 456, -1264, 456, -404, 456, -408, 464, -400, 468, -392, 484, -388, 464, -404, 484, -376, 464, -396, 464, -396, 464, -396, 464, -396, 464, -396, 464, -400, 464, -396, 456, -408, 468, -388, 484, -380, 464, -396, 484, -384, 452, -412, 448, -412, 464, -392, 484, -380, 468, -392, 464, -396, 456, -404, 464, -396, 464, -396, 464, -396, 464, -396, 456, -404, 464, -396, 456, -412, 452, -408, 464, -392, 468, -396, 464, -396, 464, -400, 464, -392, 464, -396, 464, -400, 464, -400, 464, -392, 484, -384, 464, -392, 456, -408, 464, -400, 464, -388, 468, -396, 464, -396, 468, -388, 456, -1260, 464, -400, 484, -376, 492, -380, 452, -412, 464, -1252, 484, -1232, 464, -16896, 3588, -1672, 468, -1244, 484, -1232, 480, -388, 464, -400, 488, -376, 464, -1248, 452, -408, 464, -396, 464, -1248, 484, -1232, 464, -400, 456, -1256, 464, -400, 464, -396, 452, -1260, 464, -1248, 452, -416, 460, -1248, 456, -1256, 488, -380, 464, -392, 456, -1260, 496, -376, 464, -396, 464, -1248, 464, -396, 464, -396, 456, -408, 464, -396, 496, -376, 464, -396, 456, -416, 464, -396, 464, -396, 464, -396, 464, -400, 464, -396, 464, -396, 464, -396, 464, -392, 464, -396, 456, -412, 464, -396, 448, -416, 468, -400, 484, -384, 460, -396, 456, -408, 464, -396, 492, -384, 484, -384, 460, -1248, 464, -400, 464, -392, 456, -408, 456, -408, 452, -1256, 460, -1260, 464, -1248, 464, -396, 464, -396, 464, -400, 464, -392, 456, -412, 460, -400, 484, -380, 456, -408, 484, -384, 464, -1244, 464, -1248, 456, -408, 464, -400, 484, -1232, 472, -1248, 464, -392, 456, -408, 464, -392, 456, -408, 464, -1244, 464, -400, 456, -1260, 464, -1244, 464, -400, 464, -1244, 456, -408, 464, -1244, 464, -408, 464, -396, 464, -404, 464, -396, 464, -392, 464, -400, 456, -404, 456, -408, 484, -384, 464, -396, 464, -400, 456, -412, 464, -392, 460, -404, 464, -396, 464, -396, 464, -396, 464, -396, 464, -392, 464, -396, 464, -400, 464, -396, 464, -404, 456, -404, 468, -392, 456, -404, 464, -400, 492, -380, 488, -380, 464, -396, 464, -396, 452, -412, 464, -400, 464, -396, 460, -400, 464, -396, 464, -396, 464, -392, 456, -408, 464, -400, 464, -396, 480, -384, 464, -392, 464, -396, 464, -400, 456, -408, 456, -408, 464, -392, 464, -396, 464, -396, 408, -460, 464, -1244, 464, -396, 464, -396, 480, -388, 460, -396, 408, -1308, 464, -1244, 488, 





